646
35210 21735
15293 33701
31176 16372
4146 18240
15378 5992
3232 9223
1374 9186
32736 15222
3682 30908
22239 37352
10036 33716
1288 32031
6118 26604
9377 38897
12917 20320
12920 11153
28640 17700
18669 2997
37411 30641
13703 12894
9671 17393
2710 9555
440 4048
4212 13157
11403 30084
330 17010
25302 9086
24560 36269
7108 22610
2082 13816
28415 19749
6048 5168
4229 37962
13611 20866
1380 3386
4307 1780
35002 30717
14332 15226
785 4763
16610 25785
2663 29926
15572 29466
7029 19529
2910 13641
36382 11000
32695 22982
6017 37417
39750 9216
13657 7461
27579 28214
38257 12051
32131 18938
3427 31390
3027 1013
14780 33239
33492 330
18765 37544
16346 32779
22181 9506
15528 34947
10254 13290
33778 3241
16527 7919
33308 8614
895 35941
1575 28404
1736 34125
1079 29171
32142 4668
17219 36391
32852 27780
28543 15519
8255 11422
2427 24504
31952 19042
20274 2320
24563 4166
22446 22773
28555 3749
15375 13352
13782 27844
392 11727
13853 23330
38703 4783
35992 21391
30271 12290
20516 2726
33414 3627
27964 18165
26294 38098
32483 29120
4689 30943
20871 20521
2912 39911
36889 77
17644 3021
25587 11710
36348 7856
33708 9062
2841 19031
7327 29420
24744 11532
27136 35638
19627 33165
24628 8212
27764 20011
18390 30144
14414 10344
8637 17124
28854 5325
34772 6580
14792 17119
14875 11117
1557 9135
34598 36090
32300 21418
11434 13779
35542 31847
8599 13209
28546 8176
12843 8344
8042 35164
194 30098
39181 27290
27299 25615
631 37846
19233 31619
30527 34475
3777 34446
10085 36181
22369 25530
36872 11772
27062 22599
4101 37711
39197 27241
33460 6248
2994 24355
11663 37574
37023 36923
34022 29788
31479 23684
18781 27991
28026 24669
12005 2651
16244 32130
33344 16785
19017 38938
37544 28029
33839 12549
36918 38069
39362 35094
31409 9550
37490 14512
17859 14855
30632 6474
14017 31656
24425 24018
7665 30615
16690 17897
1607 16375
31004 13694
754 7727
7927 39110
35749 14867
4165 707
20438 23635
19086 33114
1234 19448
29698 34640
14810 8445
37062 20769
24580 39313
22928 22462
25753 35106
4365 2740
14604 2427
512 24314
25031 11251
6801 7616
33943 20316
27798 17619
26630 21250
8875 9315
30346 9097
26591 2634
25584 21236
20835 23297
17476 30116
33565 2245
39810 1621
5552 36631
14510 3533
29837 29385
8633 14139
8965 29823
20134 21327
15793 35703
25155 34008
20694 39908
35748 24929
20040 35051
24477 11983
31017 18084
24046 34789
17984 31751
18074 16319
16351 5422
27286 15751
34352 20077
16450 910
1386 13956
25255 33800
4620 5815
23249 25846
7537 31442
34897 10271
34267 763
22835 916
17710 7094
23950 29362
16208 3417
2889 17645
12180 36096
31306 7007
36776 16895
30961 15917
25206 5928
32256 28242
28456 5357
24542 39130
38574 798
1609 16
759 27997
12315 13397
33039 20598
26043 22769
12315 31536
32211 21203
28185 4164
20104 29114
21338 9274
31653 30314
25214 14254
1653 15705
39686 32425
30157 29968
10584 14989
12379 16780
31573 6728
12350 11574
14799 11525
39271 29352
20612 24305
25191 13002
23760 22429
7461 6042
15162 29770
8058 14581
28957 2562
20225 34629
22772 15216
13254 39628
16057 39060
38845 27592
1091 19213
6276 2199
34884 22787
28066 39164
4607 16401
38718 39287
318 6970
26936 14603
14764 1228
10522 17658
3903 5545
15926 17803
23362 32967
19272 13571
19389 10454
10054 31812
23009 21522
24935 22068
8971 23676
25501 2641
15701 23587
14706 9115
14017 1256
28407 23587
931 32438
15601 8631
10229 15891
22520 1140
12124 15093
12322 7335
3188 9019
2982 37794
26845 26059
1102 5368
2498 28524
32340 22490
3067 7706
20491 24263
35988 17436
26381 26273
11060 16161
27919 23783
9229 34632
36265 19449
33223 2829
37420 31975
22976 24192
3887 1688
17026 30068
34615 2795
23711 24017
2360 32724
1800 496
5378 38919
19932 2367
21810 6870
22223 23735
30570 10497
24737 24092
23236 12451
36618 963
27852 13570
35421 10798
9208 3571
6516 38185
30068 35538
3897 13496
24452 38988
31157 38010
32464 32174
22827 5099
22173 29514
27154 2479
26258 38404
35531 8152
7845 33813
5906 873
11392 25459
3812 6856
24278 25093
39260 4691
5443 20685
25920 38297
2770 5033
22220 23154
37370 36798
15489 29025
26876 26668
26176 20185
27701 8421
25618 14089
34203 4864
9259 24322
25580 4500
3143 22061
30939 21145
449 15680
15984 20387
38853 12510
6788 17957
3835 7701
15200 12628
23595 35407
6633 17794
127 26872
39659 4895
28310 7678
4520 39944
20823 21004
10302 37175
34789 29496
19827 23407
1982 23516
32997 31222
12517 28702
3717 22419
13720 19465
37870 13171
26817 4859
19569 8015
35269 25805
18692 36085
4980 11040
16696 5296
32645 33255
13844 12085
7850 35791
11560 16777
38792 28539
31078 26416
24058 5852
13958 25921
15808 22781
37188 26088
33019 2890
10209 22537
19417 3524
28587 22063
27818 11109
4574 32762
12430 27436
24456 7894
18226 1541
20495 12699
4278 8413
2841 771
33327 1079
10949 30916
7934 36669
8794 3857
22065 15596
12460 27465
30469 32144
15227 18039
6321 33260
3713 29009
2142 6819
26203 39409
32000 788
23542 34044
5960 15127
34335 35913
38439 2973
9754 12576
1900 35992
9041 8534
31960 36179
14625 5823
34613 39483
31573 23267
6473 39691
32948 13336
39790 4081
33708 5264
20291 2675
12449 37684
3451 17566
12768 24890
10296 6270
19646 10895
28126 39588
37117 25245
15615 33167
27022 5313
12719 32379
12510 8192
19908 9427
31144 11908
10628 17571
21387 6604
9519 30459
25953 35170
25662 23857
7233 4774
4183 13835
15582 7850
28628 39824
17117 18950
12494 17691
27917 11049
1613 39229
20985 22214
37263 14469
19366 23883
22006 24964
39161 26661
29498 19196
25847 7151
31199 8725
1665 10084
39603 37075
29005 24720
5200 34017
24291 16719
15552 286
26576 35475
31686 33174
9704 34908
18358 27258
38328 36042
37428 15020
37706 27777
24260 21386
16554 25066
12629 18116
14342 21892
24381 26039
47 27537
5225 9976
31744 33659
30473 4954
37664 11287
38454 28
30982 19813
17563 14137
8332 32670
15588 26105
33083 8107
9037 16692
16892 1209
25887 29034
21955 34006
24969 15514
9866 12943
35163 12244
3276 14552
19914 12423
24106 5540
10765 10423
6183 3840
8244 38213
4295 6486
5299 18518
24880 9135
18710 32260
32508 23521
22757 22535
12287 24048
38757 17341
15338 15303
22385 31399
32980 16495
37620 10967
29977 23238
17662 3251
5326 7241
22195 28657
34748 16566
8399 29535
39153 31941
35292 37717
14819 21498
34181 24346
17788 13414
3929 22032
35000 19624
79 4581
30182 14729
19793 28820
26965 24882
18064 36180
5097 27616
4894 30955
17102 37207
5253 32762
36557 24864
9507 22937
21356 13046
22646 3066
20048 20193
29846 34011
2722 2758
37459 22491
12588 21118
22712 6272
37715 2626
21256 26534
2989 16924
10019 7924
1884 36929
1792 24466
17254 35397
38378 16246
3123 31663
6193 14991
20000 8748
7303 8231
17739 6801
19015 15127
25082 9587
23827 38770
5889 6782
6091 37380
14929 34020
5205 307
11436 8767
19017 2450
6652 6003
23534 32251
22661 713
33254 1465
16896 9561
7006 26754
32762 14528
28978 33556
28429 38440
21302 23729
14836 1955
107 37662
13006 1536
11837 23286
32605 6959
23644 34172
25336 587
4132 11955
13790 15973
13245 31364
5156 33748
32057 26174
37940 11615
11689 37136
31754 33369
38742 35016
25217 23563
21397 3295
36274 28699
3747 30367
23900 24650
9190 37838
25881 6856
26684 4247
24381 21421
34402 8859
2550 12573
33208 16347
29988 25438
9098 20314
3848 27404
38071 9803
7927 19679
16245 37785
39631 20136
17664 21220
33413 977
10359 9327
21535 37646
13806 36341
4527 34970
30523 15104
35281 29340
